       user      system     elapsed 
 80.7967167   0.1275333 241.7506667 
      user     system    elapsed 
76.5965167  0.1050167 77.5237000 
[1] 0
[1] 1e+00
[1] 1e+00
[1] 1e+00
[1] 1e+00
[1] 1e+00
[1]           NA 5.838382e-09           NA 8.217250e-10           NA
[1]           NA 5.838382e-09           NA 8.217250e-10           NA
[1]           NA 5.100734e-09           NA 6.348220e-10           NA
[6] 2.685175e-10           NA
[1]           NA 5.100734e-09           NA 6.471634e-10           NA
[6] 8.033764e-10           NA
