      user     system    elapsed 
6.29305000 0.08333333 6.38480000 
$X
           [,1]       [,2]
[1,]  4.4748263  0.5161338
[2,] -0.1429519 -0.3636836
[3,]  0.3132536 -0.3226455
[4,]  2.1300180  4.6705402
[5,]  0.4899365  0.3237058

$progress
          x1         x2         z       improv
1 -0.9490788 -0.9581245 -830.9165 5.410823e-05

$obj

This is a 'tgp' class object.  
It is basically a list with the following entries:

 [1] X        n        d        Z        XX       nn       Xsplit   BTE     
 [9] R        linburn  g        dparams  itemps   bimprov  Zp.mean  ZZ.mean 
[17] Zp.km    ZZ.km    Zp.vark  ZZ.vark  Zp.q     ZZ.q     Zp.s2    ZZ.s2   
[25] Zp.ks2   ZZ.ks2   Zp.q1    Zp.med   Zp.q2    ZZ.q1    ZZ.med   ZZ.q2   
[33] improv   ess      gpcs     response parts    trees    posts    params  
[41] m0r1    

See ?btgp for an explanation of the individual entries.  
See plot.tgp and tgp.trees for help with visualization.

The $trace field, if it exists, is of class 'tgptraces' 
and has its own print statement


[[1]]
              [,1]        [,2]
  [1,]  3.03028878  1.67050288
  [2,]  1.87654296  3.07721580
  [3,]  1.61698032 -0.58613462
  [4,]  3.84499941  0.41292832
  [5,] -0.45589009 -0.36887317
  [6,]  0.69767197 -0.86922423
  [7,] -0.37383018  2.52245684
  [8,]  2.43915291  1.50760450
  [9,]  4.80350972 -0.81632377
 [10,]  2.56451736  3.56295160
 [11,]  3.42810309  2.60279816
 [12,] -0.57169487  0.03804481
 [13,]  4.27619592  0.05154528
 [14,]  3.61946918  2.91206163
 [15,]  1.83332403  3.70973095
 [16,]  1.24430005  4.53289059
 [17,]  4.16095349  0.21175391
 [18,]  2.66669034  4.20379314
 [19,]  2.80857096  3.90973094
 [20,]  0.18283525  2.78720360
 [21,]  0.50921665  2.17538212
 [22,]  0.44750732  4.75476847
 [23,] -0.87158454  0.78125325
 [24,]  4.97559750  2.08657723
 [25,]  3.21975140 -0.48396562
 [26,]  1.02384293  3.28837077
 [27,] -0.06240096  4.26630282
 [28,]  3.13400645  4.65288237
 [29,] -0.80576953  2.32761125
 [30,]  4.06124252  3.98725964
 [31,]  4.47461588  4.88987824
 [32,]  0.92647149  0.59698911
 [33,] -0.22533631  1.73902096
 [34,]  1.43741786  0.85986262
 [35,]  0.33624978  1.27112920
 [36,]  2.19785828 -0.22809767
 [37,]  4.62202928  1.24814700
 [38,]  1.36024563  1.08926096
 [39,]  3.79558657  1.98191903
 [40,]  2.07784621  3.48057682
 [41,]  0.41533846  0.23168760
 [42,]  1.74909721  3.80771225
 [43,] -0.54928230  0.68662115
 [44,] -0.88761382  1.17641281
 [45,]  0.88321676  0.10168400
 [46,]  0.46605284  0.07844377
 [47,]  2.21877037  4.97065840
 [48,]  1.50613954  2.24511325
 [49,]  2.04840705  4.07215886
 [50,]  1.04633130  0.84200808
 [51,]  1.02122196  0.93324291
 [52,]  1.64301389  2.56472916
 [53,]  1.94654627  3.85177090
 [54,]  2.07797930  4.22199118
 [55,]  0.10528458 -0.02838938
 [56,] -0.47651672  0.22084967
 [57,]  1.66991717  3.30556221
 [58,]  0.70360843  0.75525471
 [59,]  1.53926480  2.33240716
 [60,] -0.43185581  0.18035902
 [61,]  0.48360565  0.08474119
 [62,]  0.60929155  0.24103395
 [63,]  0.40361338  0.36141905
 [64,]  0.65174670  0.79219873
 [65,] -0.48254078  0.18722477
 [66,] -0.30466509 -0.05845409
 [67,]  2.09136232  4.87277259
 [68,]  1.02476596  1.64705754
 [69,] -0.06152623 -0.11935317
 [70,]  1.78461627  3.68310327
 [71,]  1.62730599  2.64589849
 [72,]  1.03417066  1.36725470
 [73,]  1.16243322  1.64921480
 [74,]  1.70776210  3.07951156
 [75,]  0.72251673  0.28995601
 [76,]  0.65333951  0.50263143
 [77,]  0.36304440  0.08682180
 [78,]  1.82630303  3.34552967
 [79,]  1.50468502  2.07709436
 [80,]  3.17025295  4.09368143
 [81,]  0.76400295  1.02285986
 [82,]  1.84396273  3.04752516
 [83,]  0.12635251  0.37763070
 [84,]  1.99636900  3.51416006
 [85,]  0.36384881  0.60424065
 [86,]  0.59167451  0.25668383
 [87,]  0.98167068  0.89551332
 [88,]  2.08182388  4.57524156
 [89,]  0.22527996  0.17644994
 [90,]  1.35314472  2.09156693
 [91,]  2.96476292  0.80038283
 [92,]  2.76598100 -0.65824589
 [93,]  3.06963127  4.35313911
 [94,]  3.13400387  2.59104701
 [95,]  2.68404256 -0.47363874
 [96,]  0.30865510  0.14334293
 [97,]  1.65361379  3.14999870
 [98,] -0.52337862  0.75876957
 [99,]  1.48306800  2.55993928
[100,]  0.43285414  0.58290951
[101,]  1.76082451  3.33363584
[102,]  1.50123017  2.52756677
[103,]  0.31733046  0.41714669
[104,]  2.82224400  4.93394831
[105,]  1.23378396  1.81455037
[106,]  1.67131338  2.45849523
[107,]  1.92199553  3.37968988
[108,]  0.88758155  1.23957345
[109,]  1.04372784  1.62024385
[110,]  2.21161685  4.63699867
[111,]  3.65958523  4.16629021
[112,]  3.52572856  3.22423013
[113,]  0.96420376  1.26198958
[114,]  0.10498539  0.22432658
[115,]  3.32206050  1.44465108
[116,]  1.80760068  3.63646442
[117,]  0.13322277  0.04014725
[118,] -0.69723526  0.73804305
[119,]  1.39578010  2.42214040
[120,]  0.40887659 -0.13209371
[121,] -0.21993409 -0.11113510
[122,]  0.22377567  0.24046544
[123,]  0.89340136  0.92751190
[124,]  0.03424777 -0.02302203
[125,]  1.61121953  2.82782020
[126,]  0.61112032  0.29469636
[127,]  1.00883152  0.87647252
[128,]  0.45316546  0.19502279
[129,]  1.17842110  1.32367657
[130,]  3.53148643  4.70877461
[131,]  0.05110795  0.21445469
[132,]  1.81942082  3.02076694
[133,] -0.78331653  0.45876402
[134,]  1.00640544  1.28119449
[135,]  1.93248926  3.87489718
[136,]  4.47482626  0.51613380
[137,] -0.14295186 -0.36368359
[138,]  0.31325358 -0.32264547
[139,]  2.13001797  4.67054020
[140,]  0.48993652  0.32370577

[[2]]
  [1] 5.647358e+03 2.049949e+01 1.024867e+03 2.066092e+04 3.537894e+01
  [6] 1.839570e+02 5.696171e+02 1.975085e+03 5.708782e+04 9.107454e+02
 [11] 8.376485e+03 1.081020e+01 3.325973e+04 1.038741e+04 1.285039e+01
 [16] 8.908482e+02 2.925708e+04 8.481010e+02 1.585990e+03 7.589954e+02
 [21] 3.673773e+02 2.074657e+03 3.549457e+00 5.140866e+04 1.177884e+04
 [26] 5.018127e+02 1.817942e+03 2.676528e+03 2.849456e+02 1.565045e+04
 [31] 2.291075e+04 6.836327e+00 2.865184e+02 1.457091e+02 1.345521e+02
 [36] 2.560458e+03 4.047447e+04 5.804298e+01 1.544478e+04 7.119656e+01
 [41] 6.920749e-01 5.656709e+01 1.721585e+01 1.866055e+01 4.603464e+01
 [46] 2.210574e+00 1.713087e+00 3.106671e-01 2.632113e+00 6.392986e+00
 [51] 1.202793e+00 2.229640e+00 1.289437e+00 2.083769e+00 9.563371e-01
 [56] 2.183969e+00 2.717137e+01 6.857725e+00 4.271813e-01 2.053982e+00
 [61] 2.490735e+00 1.847915e+00 4.296509e+00 1.362139e+01 2.406053e+00
 [66] 3.990561e+00 2.608880e+01 3.563104e+01 2.643150e+00 2.544073e+01
 [71] 3.940085e-01 8.866421e+00 8.904627e+00 3.159789e+00 5.462851e+00
 [76] 6.944179e-01 6.080274e-01 6.930727e-01 3.750959e+00 3.553083e+03
 [81] 1.934179e+01 1.315013e+01 1.384347e+01 2.320787e+01 2.266937e+01
 [86] 1.038990e+00 4.649691e-01 6.990542e+00 2.180212e+00 6.914190e+00
 [91] 6.386970e+03 6.906895e+03 2.574263e+03 5.233194e+03 5.897579e+03
 [96] 7.090779e-01 1.769623e+01 2.582809e+01 1.322567e+01 1.596738e+01
[101] 6.013948e+00 7.751970e+00 1.047998e+01 9.220851e+02 8.600193e+00
[106] 1.165931e+01 1.073336e+01 2.042247e+01 2.818485e+01 7.932343e+00
[111] 8.519486e+03 8.482402e+03 1.104366e+01 5.350939e+00 9.204954e+03
[116] 1.427158e+01 8.014740e-01 9.226273e+00 2.261839e+01 9.305907e+00
[121] 4.032459e+00 4.227355e+00 1.684400e+00 9.912169e-01 5.746334e+00
[126] 7.717252e-01 1.995757e+00 3.097116e-01 4.543306e-01 6.032238e+03
[131] 5.388128e+00 9.053933e+00 5.577165e+00 7.200815e+00 2.840259e+00
[136] 3.806803e+04 1.606107e+01 1.817664e+01 3.060866e+00 9.601977e-01

[[3]]
           x1         x2            z       improv
1   1.9936882  3.4215336  -24880.8473 3.957879e-04
2   2.2649100  4.1388036   -5640.3109 4.952591e-04
3   3.0254133  1.6994148 -588854.9034 4.003251e-04
4   1.8997156  4.8566452  -44626.1655 2.899463e-04
5   1.8938126  4.7671119  -47644.0943 2.573978e-04
6   1.9195527  4.1126528  -52558.0648 2.492894e-04
7   1.9272120  4.2842985  -55404.6539 2.556346e-04
8   1.3273696  2.6055457   -3967.3823 1.372554e-03
9   1.9980250  3.4433871  -76581.7743 1.757942e-04
10  1.5179408  3.1970764   -1153.7561 2.486475e-05
11  1.4854014  3.0233088   -1164.9003 6.150663e-04
12  2.0948022  2.9650981  -97548.1338 1.722010e-04
13  1.4742757  2.9869494   -1239.9097 1.053252e-05
14  2.0780742  2.9943504 -100768.5818 1.627587e-04
15  1.3011178  3.1832311  -13857.4741 7.263377e-04
16  2.0859691  3.1974224  -99469.5575 1.566340e-04
17  1.3922503  2.8082394  -25612.4820 6.152331e-05
18  1.3851444  3.0191466  -25055.3658 1.362752e-04
19 -0.6551114 -0.9587515    -594.5441 8.440299e-06
20 -0.9490788 -0.9581245    -830.9165 5.410823e-05

[[4]]
[[4]]$X
           [,1]       [,2]
[1,]  4.4748263  0.5161338
[2,] -0.1429519 -0.3636836
[3,]  0.3132536 -0.3226455
[4,]  2.1300180  4.6705402
[5,]  0.4899365  0.3237058

[[4]]$progress
          x1         x2         z       improv
1 -0.9490788 -0.9581245 -830.9165 5.410823e-05

[[4]]$obj

This is a 'tgp' class object.  
It is basically a list with the following entries:

 [1] X        n        d        Z        XX       nn       Xsplit   BTE     
 [9] R        linburn  g        dparams  itemps   bimprov  Zp.mean  ZZ.mean 
[17] Zp.km    ZZ.km    Zp.vark  ZZ.vark  Zp.q     ZZ.q     Zp.s2    ZZ.s2   
[25] Zp.ks2   ZZ.ks2   Zp.q1    Zp.med   Zp.q2    ZZ.q1    ZZ.med   ZZ.q2   
[33] improv   ess      gpcs     response parts    trees    posts    params  
[41] m0r1    

See ?btgp for an explanation of the individual entries.  
See plot.tgp and tgp.trees for help with visualization.

The $trace field, if it exists, is of class 'tgptraces' 
and has its own print statement



[[5]]
 [1] 0.6920749 0.3106671 0.3106671 0.3106671 0.3106671 0.3106671 0.3106671
 [8] 0.3106671 0.3106671 0.3106671 0.3106671 0.3106671 0.3106671 0.3106671
[15] 0.3106671 0.3106671 0.3106671 0.3097116 0.3097116 0.3097116

[1] 1
